4294967278,400
4294967279,212
4294967278,332
4294967279,319
4294967279,260
158,6
157,5
157,6
157,9
4294967279,531
4294967278,409
158,5
4294967279,574
158,1
158,7
158,4
4294967279,207
152,6
150,5
4294967294,81
4294967294,1101
4294967294,1419
4294967294,11
4294967294,68
4294967278,132
4294967278,131
4294967278,130
4294967278,129
4294967278,128
4294967278,127
4294967278,126
4294967278,125
4294967278,124
4294967278,123
4294967278,122
4294967278,121
4294967278,120
4294967278,119
4294967278,118
4294967278,117
4294967278,116
4294967278,115
4294967278,114
4294967278,113
4294967278,112
4294967278,111
4294967278,110
4294967278,109
4294967278,108
4294967278,107
4294967278,106
4294967278,105
4294967278,104
4294967278,103
4294967278,102
4294967278,101
4294967278,100
4294967278,99
4294967278,98
4294967278,97
4294967278,96
4294967278,95
4294967278,92
4294967278,91
4294967278,89
4294967278,94
4294967278,93
4294967278,204
4294967279,204
4294967278,203
144,4
4294967278,90
4294967278,371
4294967279,259
149,4
4294967279,267
4294967279,198
4294967294,995
4294967294,97
4294967294,104
4294967294,106
4294967294,166
4294967294,24
4294967278,412
4294967279,197
152,7
152,5
152,4
157,8
4294967294,30
4294967294,1167
4294967294,1166
4294967294,1164
4294967294,1163
4294967294,1158
4294967294,1019
4294967294,992
4294967294,990
4294967294,989
4294967294,988
4294967294,987
4294967294,60
152,1
150,4
4294967294,482
4294967294,12
157,1
157,7
157,4
4294967278,87
4294967278,86
4294967278,85
4294967278,84
4294967278,83
4294967278,370
4294967278,82
4294967278,81
4294967278,80
4294967278,79
4294967278,78
4294967278,77
4294967278,76
4294967278,75
4294967278,74
4294967278,73
4294967278,72
4294967278,71
4294967278,70
4294967278,69
4294967278,68
4294967278,67
4294967278,66
4294967278,65
4294967278,64
4294967278,63
4294967278,62
4294967279,82
4294967279,81
4294967279,80
4294967279,79
4294967279,75
4294967279,74
4294967279,72
4294967279,70
4294967279,69
4294967279,67
4294967279,60
4294967279,59
4294967279,57
4294967279,56
4294967279,55
4294967279,49
4294967279,48
4294967279,42
4294967279,41
4294967279,39
4294967279,37
4294967279,34
4294967279,32
4294967279,31
4294967279,26
4294967279,24
4294967279,20
4294967279,17
4294967279,12
4294967279,9
4294967279,8
4294967279,7
4294967279,6
4294967279,5
4294967279,4
4294967294,6
0,5
4294967293,131
4294967293,130
4294967293,129
4294967293,128
4294967293,127
4294967293,126
4294967293,125
4294967293,124
4294967293,123
4294967293,122
4294967293,121
4294967293,120
4294967293,119
4294967293,118
4294967293,117
4294967293,116
4294967293,115
4294967293,114
4294967293,113
4294967293,112
4294967293,111
4294967293,110
4294967293,109
4294967293,108
4294967293,107
4294967293,106
4294967293,105
4294967293,104
4294967293,103
4294967293,102
4294967293,101
4294967293,100
4294967293,99
4294967293,98
4294967293,97
4294967293,96
4294967293,95
4294967293,94
4294967293,93
4294967293,92
4294967293,91
4294967293,90
4294967293,89
4294967293,87
4294967293,86
4294967293,85
4294967293,84
4294967293,83
4294967293,82
4294967293,81
4294967293,80
4294967293,79
4294967293,78
4294967293,77
4294967293,76
4294967293,75
4294967293,74
4294967293,73
4294967293,72
4294967293,71
4294967293,70
4294967293,69
4294967293,68
4294967293,67
4294967293,66
4294967293,65
4294967293,64
4294967293,63
4294967293,62
4294967293,61
4294967293,60
4294967293,59
4294967293,58
4294967293,57
4294967293,56
4294967293,55
4294967293,54
4294967293,53
4294967293,52
4294967293,51
4294967293,50
4294967293,49
4294967293,48
4294967293,47
4294967293,46
4294967293,45
4294967293,44
4294967293,43
4294967293,42
4294967293,41
4294967293,40
4294967293,39
4294967293,38
4294967293,37
4294967293,36
4294967293,35
4294967293,34
4294967293,33
4294967293,32
4294967293,31
4294967293,30
4294967293,29
4294967293,28
4294967293,27
4294967293,26
4294967293,25
4294967293,24
4294967293,23
4294967293,22
4294967293,21
4294967293,20
4294967293,19
4294967293,18
4294967293,17
4294967293,16
4294967293,15
4294967293,14
4294967293,13
4294967293,12
4294967293,11
4294967293,10
4294967293,9
4294967293,8
4294967293,7
4294967293,6
4294967293,5
4294967293,4
4294967293,3
4294967278,428
4294967278,426
4294967278,11
4294967278,10
4294967278,9
4294967278,8
4294967278,5
4294967278,4
4294967279,130
4294967279,316
4294967279,128
4294967279,127
4294967279,126
4294967279,125
4294967279,123
4294967279,122
4294967279,121
4294967279,120
4294967279,117
4294967279,315
4294967279,115
4294967279,114
4294967279,113
4294967279,112
4294967279,111
4294967279,174
4294967279,513
4294967279,110
4294967279,109
4294967279,108
4294967279,520
4294967279,107
4294967279,106
4294967279,105
4294967279,104
4294967279,103
4294967279,102
4294967279,300
4294967279,101
4294967279,100
4294967279,99
4294967279,98
4294967279,97
4294967279,530
4294967279,96
4294967279,95
4294967279,529
4294967279,94
4294967279,93
4294967279,92
4294967279,91
4294967279,90
4294967279,89
4294967279,87
4294967279,86
4294967279,85
4294967279,318
4294967279,317
4294967278,361
4294967279,266
4294967279,244
4294967279,190
4294967279,188
4294967278,187
4294967279,285
4294967278,307
4294967278,417
4294967279,183
4294967279,180
4294967278,179
4294967279,179
